1712068708663 0.139911949634552 0
1712068718279 0.004534665495157242 1
1712068727697 0.00026715261628851295 2
1712068737257 0.004871191922575235 3
1712068747351 5.325235542841256e-05 4
1712068757281 0.00204451777972281 5
1712068766727 0.0006275655468925834 6
1712068776264 0.0037793810479342937 7
1712068785970 6.7948685682495125e-06 8
1712068795770 0.0030106857884675264 9
1712068805444 0.00015641574282199144 10
1712068814951 0.002190698403865099 11
1712068825141 0.0040995716117322445 12
1712068835004 8.493521818309091e-06 13
1712068844384 2.354372327317833e-06 14
