3.335616588592529297e-01 -8.415456414222717285e-01 4.163099080324172974e-02 8.433619141578674316e-02 9.399253875017166138e-02 5.659392848610877991e-02 -9.056586027145385742e-01 -8.657826110720634460e-03 2.303446233272552490e-01 7.167149782180786133e-01
-4.437104463577270508e-01 -3.095308542251586914e-01 -2.711777985095977783e-01 -2.431962937116622925e-01 -3.489754199981689453e-01 7.920510321855545044e-02 6.722238063812255859e-01 5.035110116004943848e-01 2.872024774551391602e-01 -7.988361641764640808e-03
-5.451184511184692383e-01 -2.445731163024902344e-01 -2.555041015148162842e-01 -3.891651928424835205e-01 -6.300469040870666504e-01 1.990391910076141357e-01 3.144226074218750000e-01 2.569597363471984863e-01 7.368566393852233887e-01 4.480890631675720215e-01
-4.841738641262054443e-01 4.988691806793212891e-01 -6.752399355173110962e-02 8.664699643850326538e-02 -4.585378766059875488e-01 -3.949420452117919922e-01 1.482244491577148438e+00 4.571487903594970703e-01 -3.873434364795684814e-01 -9.177008867263793945e-01
-6.550820469856262207e-01 5.627993494272232056e-02 -1.257870439440011978e-02 -1.889619790017604828e-02 5.601905658841133118e-02 -1.435380101203918457e+00 -3.412653803825378418e-01 3.116033673286437988e-01 5.088025331497192383e-01 1.226708173751831055e+00
1.095165405422449112e-02 -6.500999629497528076e-02 5.449388176202774048e-02 6.435619294643402100e-02 -2.436146289110183716e-01 1.178860306739807129e+00 5.127837061882019043e-01 -4.313751459121704102e-01 -1.139088198542594910e-01 -1.211272835731506348e+00
1.318765059113502502e-02 6.434231530874967575e-03 2.667738310992717743e-02 -3.359317481517791748e-01 1.403407454490661621e-01 1.165443897247314453e+00 -1.006454154849052429e-01 -1.276224702596664429e-01 -1.202789425849914551e+00 2.732383906841278076e-01
-2.551650106906890869e-01 9.468667954206466675e-02 3.329043462872505188e-02 -8.259201794862747192e-02 1.641671545803546906e-02 -1.168962478637695312e+00 -5.590745210647583008e-01 -3.914355933666229248e-01 9.935497045516967773e-01 1.112786412239074707e+00
-8.070172667503356934e-01 -2.318277060985565186e-01 -3.024595677852630615e-01 -2.650650441646575928e-01 -7.915136218070983887e-01 6.533420085906982422e-02 3.272576928138732910e-01 3.442400097846984863e-01 2.578054666519165039e-01 1.685231924057006836e-01
1.404584944248199463e-01 -7.634969800710678101e-02 -5.857744812965393066e-02 -3.161987289786338806e-02 1.171026900410652161e-01 5.405423641204833984e-01 4.772491455078125000e-01 5.642400979995727539e-01 1.227155551314353943e-01 7.189698815345764160e-01
