1.166950687766075134e-01
1.815282851457595825e-01
-1.678193658590316772e-01
1.709424108266830444e-01
2.442486733198165894e-01
-1.389957964420318604e-01
1.752324849367141724e-01
-2.102064937353134155e-01
2.037687599658966064e-02
3.026881814002990723e-01
9.223316609859466553e-02
1.958632282912731171e-02
-3.132501840591430664e-01
-2.131817489862442017e-01
-1.379539370536804199e-01
-1.419342011213302612e-01
-2.369088828563690186e-01
-5.396934226155281067e-02
-1.523541063070297241e-01
1.200458630919456482e-01
