1.772705614566802979e-01 -1.112707033753395081e-01 -1.709879785776138306e-01 1.935733705759048462e-01 4.577538669109344482e-01 -9.843718409538269043e-01 -3.501326218247413635e-02 1.718119368888437748e-03 -9.892934560775756836e-02 9.788849949836730957e-02 5.939362049102783203e-01 1.071318238973617554e-01 3.136360645294189453e-01 -4.377693682909011841e-02 1.394250541925430298e-01 -1.346724033355712891e-01 3.303267061710357666e-01 7.449268549680709839e-02 -1.261210255324840546e-02 3.975423574447631836e-01
1.220691949129104614e-01 -1.039504706859588623e-01 -1.638842076063156128e-01 8.548619598150253296e-02 1.557524651288986206e-01 -1.168505623936653137e-01 2.394579499959945679e-01 2.397222667932510376e-01 1.646738648414611816e-01 1.347529172897338867e+00 2.004289925098419189e-01 1.716858744621276855e-01 7.638920843601226807e-02 1.222505122423171997e-01 1.605903655290603638e-01 1.300849765539169312e-01 -1.745951026678085327e-01 1.440305411815643311e-01 2.773670852184295654e-01 7.101109623908996582e-02
-1.702181845903396606e-01 -1.546500474214553833e-01 -2.062995433807373047e-01 1.002555266022682190e-01 3.238452076911926270e-01 -2.701086997985839844e-01 2.582342922687530518e-01 1.122896894812583923e-01 -2.054312974214553833e-01 5.968185886740684509e-02 -3.986511826515197754e-01 -4.705443605780601501e-02 8.933934569358825684e-02 2.371733933687210083e-01 2.811522781848907471e-01 -1.124809216707944870e-02 -2.409333437681198120e-01 -2.414040863513946533e-01 -9.580887854099273682e-02 2.296036332845687866e-01
-7.746288776397705078e-01 -1.193933710455894470e-01 -1.580938883125782013e-02 -1.441001743078231812e-01 -7.519647479057312012e-01 -6.069319322705268860e-02 -1.940469592809677124e-01 2.278884798288345337e-01 3.314556777477264404e-01 2.588296867907047272e-02 -6.604898571968078613e-01 -2.300236821174621582e-01 5.982619524002075195e-02 -4.078463017940521240e-01 -3.861348628997802734e-01 4.828213527798652649e-02 3.581337034702301025e-01 2.886563241481781006e-01 3.933525681495666504e-01 1.801687628030776978e-01
-2.339868843555450439e-01 -2.723709680140018463e-02 2.532748878002166748e-01 -2.671254239976406097e-02 -2.345699667930603027e-01 -1.641159355640411377e-01 -1.152591258287429810e-01 2.479601502418518066e-01 -1.547172367572784424e-01 3.122431039810180664e-01 -6.720566749572753906e-01 3.005214035511016846e-02 -1.858162730932235718e-01 -2.154550552368164062e-01 -6.233651638031005859e-01 -1.687863320112228394e-01 3.221030831336975098e-01 -8.851780742406845093e-02 3.521877229213714600e-01 -9.945897758007049561e-02
-3.931175470352172852e-01 9.839092940092086792e-02 -8.641091734170913696e-02 -2.371577173471450806e-01 3.813530802726745605e-01 3.802439868450164795e-01 -1.330985873937606812e-01 1.251512020826339722e-01 -2.310534380376338959e-02 -3.951640725135803223e-01 -4.112297892570495605e-01 -4.059430658817291260e-01 2.080840170383453369e-01 1.528377085924148560e-01 6.406958699226379395e-01 1.771760135889053345e-01 2.571597993373870850e-01 -3.883917257189750671e-02 -4.854897558689117432e-01 4.749636352062225342e-02
4.735455214977264404e-01 8.336731791496276855e-02 2.064348310232162476e-01 -4.931325465440750122e-02 3.984320461750030518e-01 6.911373138427734375e-02 2.625994682312011719e-01 1.533684507012367249e-02 1.406060904264450073e-01 1.497371047735214233e-01 1.495517939329147339e-01 -1.817513816058635712e-02 1.621990203857421875e-01 1.781893670558929443e-01 3.464497029781341553e-01 1.132888197898864746e-01 1.116801053285598755e-01 2.942625880241394043e-01 1.386266797780990601e-01 4.797006547451019287e-01
1.112351343035697937e-01 -6.568600237369537354e-02 3.882186487317085266e-02 -5.192621028982102871e-04 -2.511154711246490479e-01 3.091222345829010010e-01 1.279877871274948120e-01 3.165521845221519470e-02 -5.735113471746444702e-02 -3.592114746570587158e-01 5.384771823883056641e-01 5.139327049255371094e-01 2.605502866208553314e-02 -2.505617439746856689e-01 -6.078641414642333984e-01 7.691424805670976639e-03 -2.033976465463638306e-01 -7.871758937835693359e-02 -2.428999990224838257e-01 -1.353150885552167892e-02
4.942461252212524414e-01 -1.109517812728881836e-01 9.549707919359207153e-02 3.296941518783569336e-01 2.923996448516845703e-01 -3.085116446018218994e-01 -1.619535684585571289e-01 4.584743380546569824e-01 -2.027740236371755600e-03 -1.919527165591716766e-02 4.909173250198364258e-01 8.106002211570739746e-02 -4.164941608905792236e-02 -1.391079574823379517e-01 5.461534857749938965e-01 3.924400210380554199e-01 -1.115273460745811462e-01 1.834631860256195068e-01 4.874883592128753662e-01 7.494944334030151367e-02
-3.606901466846466064e-01 1.028637513518333435e-01 -5.901328101754188538e-02 3.033651709556579590e-01 -3.854440748691558838e-01 2.332498431205749512e-01 1.553431898355484009e-01 -7.356853038072586060e-02 -1.477795541286468506e-01 1.706414818763732910e-01 -2.484047114849090576e-01 -2.167164236307144165e-01 -3.245337307453155518e-01 -3.226481378078460693e-01 -4.934578835964202881e-01 2.790128290653228760e-01 1.352526098489761353e-01 3.233132362365722656e-01 5.864172056317329407e-02 4.383736252784729004e-01
2.547234594821929932e-01 -1.350541263818740845e-01 -5.274512991309165955e-02 6.956290453672409058e-02 7.568943500518798828e-02 -9.473295211791992188e-01 -2.723703980445861816e-01 2.421181462705135345e-02 -2.708021998405456543e-01 2.128580063581466675e-01 2.203676551580429077e-01 4.106810390949249268e-01 8.461393415927886963e-02 1.266180127859115601e-01 4.049037098884582520e-01 2.971938848495483398e-01 9.455925226211547852e-02 2.038214951753616333e-01 -2.262709438800811768e-01 2.390633672475814819e-01
-9.807063639163970947e-02 -4.452602192759513855e-02 9.945282712578773499e-03 -1.123476400971412659e-01 1.913815550506114960e-02 -7.787836790084838867e-01 -2.092941105365753174e-01 -1.797555238008499146e-01 7.258947938680648804e-02 -9.073534980416297913e-03 4.969098567962646484e-01 8.220852166414260864e-02 2.249440737068653107e-02 1.675420403480529785e-01 3.603170812129974365e-01 4.162923395633697510e-01 2.821877002716064453e-01 -5.660730879753828049e-03 1.522948443889617920e-01 2.688804566860198975e-01
-4.126690626144409180e-01 1.611233949661254883e-01 2.590602934360504150e-01 1.302124261856079102e-01 -2.031431347131729126e-01 3.164657354354858398e-01 2.871996760368347168e-01 1.918318867683410645e-01 -2.307881712913513184e-01 -5.089964866638183594e-01 -2.460683137178421021e-01 1.347075253725051880e-01 7.364274263381958008e-01 -2.310681529343128204e-02 -2.857678532600402832e-01 -1.615464091300964355e-01 -3.287694454193115234e-01 5.863498081453144550e-04 -5.821294188499450684e-01 -2.728390134871006012e-02
2.370404601097106934e-01 -1.702286899089813232e-01 4.908480867743492126e-02 1.404907405376434326e-01 -4.421903491020202637e-01 2.506644725799560547e-01 -1.991799324750900269e-01 2.976572811603546143e-01 1.865223944187164307e-01 -4.531826376914978027e-01 7.319639325141906738e-01 2.961323559284210205e-01 -3.103061318397521973e-01 -3.829920589923858643e-01 -8.936970680952072144e-02 -7.187696639448404312e-03 -2.765832245349884033e-01 -1.661971658468246460e-01 -2.434315830469131470e-01 -1.579220034182071686e-02
-4.060090482234954834e-01 1.900064349174499512e-01 3.885108530521392822e-01 6.630790978670120239e-02 -4.512043893337249756e-01 7.669682800769805908e-02 -1.024520993232727051e-01 2.121543586254119873e-01 2.331399321556091309e-01 -4.089129269123077393e-01 -3.812987506389617920e-01 1.800063252449035645e-01 3.784525692462921143e-01 1.641470044851303101e-01 -1.572685539722442627e-01 3.115138113498687744e-01 1.161593347787857056e-01 -3.145561814308166504e-01 -3.322424292564392090e-01 5.308580398559570312e-02
2.163940370082855225e-01 1.285997480154037476e-01 -1.365114748477935791e-01 1.383576095104217529e-01 -5.448774695396423340e-01 2.898682355880737305e-01 -7.680115848779678345e-02 2.891689836978912354e-01 -1.643335670232772827e-01 -2.722425460815429688e-01 5.039921998977661133e-01 2.363256067037582397e-01 9.245176613330841064e-02 -3.309082984924316406e-01 -3.268732428550720215e-01 1.107083410024642944e-01 -3.838344216346740723e-01 -2.994265258312225342e-01 2.016954310238361359e-02 2.378489822149276733e-01
-4.064224362373352051e-01 6.428301334381103516e-02 -4.896704480051994324e-02 1.477609425783157349e-01 6.406672298908233643e-02 -1.950513198971748352e-02 -8.476340770721435547e-02 1.566092520952224731e-01 -2.786714434623718262e-01 1.611236631870269775e-01 -7.035743445158004761e-02 -4.947263002395629883e-01 5.945424363017082214e-02 -4.666998237371444702e-02 8.042978644371032715e-01 2.475336194038391113e-02 -4.273038208484649658e-01 9.481976926326751709e-02 -3.332868218421936035e-01 1.136429607868194580e-02
2.325587570667266846e-01 4.295731708407402039e-02 -3.582431972026824951e-01 -3.250198066234588623e-01 2.954569160938262939e-01 4.652431607246398926e-01 -1.293067634105682373e-01 2.447520196437835693e-01 -3.178243935108184814e-01 -2.568291127681732178e-01 3.214206099510192871e-01 -3.026913106441497803e-02 -2.238054126501083374e-01 -2.350842058658599854e-01 2.384298294782638550e-01 3.097744425758719444e-03 -3.726663291454315186e-01 -6.486783921718597412e-02 2.143446952104568481e-01 1.663959622383117676e-01
-2.788959443569183350e-01 3.466225564479827881e-01 4.666599929332733154e-01 -3.391845524311065674e-01 -3.667952716350555420e-01 1.508453935384750366e-01 1.936831772327423096e-01 -1.349952965974807739e-01 1.359048634767532349e-01 -2.755508422851562500e-01 1.706654131412506104e-01 2.779169380664825439e-01 8.718590438365936279e-02 -9.091152250766754150e-02 -2.108862698078155518e-01 -6.149583682417869568e-02 -4.018590152263641357e-01 -3.064951300621032715e-01 1.700818240642547607e-01 2.900863885879516602e-01
-3.888210356235504150e-01 3.602561354637145996e-01 3.186593651771545410e-01 -1.256063133478164673e-01 -5.701767802238464355e-01 -2.907199785113334656e-02 1.058975309133529663e-01 -2.387897968292236328e-01 3.127000061795115471e-03 1.559779644012451172e-01 -5.769809484481811523e-01 -2.121082842350006104e-01 -3.364802896976470947e-01 -2.437874823808670044e-01 -8.219561725854873657e-02 3.379445970058441162e-01 3.974547684192657471e-01 1.148503497242927551e-01 1.716794073581695557e-01 2.830469608306884766e-01
