-1.043426468968391418e-01 1.977066509425640106e-03 7.375414716079831123e-04 -3.400313481688499451e-02 1.116458103060722351e-01 -1.524900197982788086e+00 -3.800619244575500488e-01 -1.966575831174850464e-01 9.480962157249450684e-01 1.114826440811157227e+00
-4.609529674053192139e-02 1.756613329052925110e-02 1.500094030052423477e-02 -3.109390847384929657e-02 4.116523638367652893e-02 -1.756034016609191895e+00 -1.006495878100395203e-01 -1.804346442222595215e-01 4.895770251750946045e-01 1.265003085136413574e+00
-1.087928771972656250e+00 -7.188268005847930908e-02 -7.649028301239013672e-02 -5.656342208385467529e-02 -1.194439768791198730e+00 1.298174619674682617e+00 2.488274425268173218e-01 3.078871965408325195e-01 -3.734683394432067871e-01 4.298935234546661377e-01
9.846684336662292480e-02 -1.025138515979051590e-02 -1.798315090127289295e-03 -2.430997230112552643e-02 -8.638394623994827271e-02 1.214774847030639648e+00 4.800804555416107178e-01 2.007717043161392212e-01 -1.882262974977493286e-01 -1.742319464683532715e+00
-9.077038764953613281e-01 -1.741569042205810547e-01 -1.593256592750549316e-01 -1.747969537973403931e-01 -8.940348625183105469e-01 8.239920735359191895e-01 3.625055849552154541e-01 1.489782482385635376e-01 2.008107602596282959e-01 3.921256661415100098e-01
4.776339530944824219e-01 1.289533823728561401e-01 1.344529688358306885e-01 1.126722320914268494e-01 -8.977855443954467773e-01 -3.810383379459381104e-01 4.838407635688781738e-01 4.980167448520660400e-01 4.421327412128448486e-01 -1.071979165077209473e+00
5.642703920602798462e-02 -3.094693832099437714e-02 -1.305575761944055557e-02 -1.292021274566650391e+00 -6.375818047672510147e-03 8.677078485488891602e-01 3.395754992961883545e-01 4.840315505862236023e-02 7.337023615837097168e-01 1.153018712997436523e+00
-2.449212409555912018e-02 -2.269236429128795862e-04 3.329633921384811401e-02 -2.740194462239742279e-02 1.025632582604885101e-02 1.193623542785644531e+00 6.283131986856460571e-02 -1.593355089426040649e-01 -2.053264141082763672e+00 8.348228931427001953e-01
1.933497190475463867e-02 1.320861745625734329e-03 2.041150350123643875e-03 7.171748671680688858e-03 2.975299023091793060e-03 1.137418866157531738e+00 -3.174197301268577576e-02 3.906262107193470001e-03 -7.725542783737182617e-02 1.256290912628173828e+00
-4.733092486858367920e-01 -4.150597006082534790e-02 -1.877070590853691101e-02 2.773449569940567017e-02 3.530940711498260498e-01 1.523736715316772461e+00 2.041323035955429077e-01 7.812115550041198730e-02 -4.233525395393371582e-01 -1.312562108039855957e+00
